66406 22818 39523 73485 46920 84639 46122 99927 94362 54930
45746 88183 34535 59269 53782 459 50831 64028 99528 70954
39040 65950 7273 90547 7529 28843 17887 47300 21873 54960
11377 99191 52851 96481 57978 97428 32158 27704 78507 21584
39610 64450 99189 33863 2616 11945 55345 90437 76090 12449
87530 44030 50547 417 40368 86961 90447 34576 11691 75308
92794 64029 38324 21264 9811 22134 33900 4139 60120 74853
12119 56643 37245 5776 99799 49332 2615 29881 81238 27418
3569 45778 48462 89373 93444 65941 64811 94303 95882 21899
477 38970 26795 92343 65875 83303 26152 68309 36355 26875
